021122212221212
021122212221212
021122212221212
020221201211102
020221201211102
120212102221212
220102002120121
120212102221212
220102002120121
220102002120121
120212102221212
120212102221212
220102002120121
220102002120121
220102002120121
220102002120121
220102002120121
220102002120121
220102002120121
220102002120121
120212102221212
021122212221212
022122221220221
022122221220221
021122212221212
021122212221212
021122212221212
120212102221212
020221201211102
010220200200111
010220200200111
011221210210220
122222110121220
112222001022120
222111100022220
222000211112120
221001210112220
222111100022220
112222001022120
112222001022120
122222110121220
122222110121220
112222001022120
112222001022120
112222001022120
112222001022120
122222110121220
222111100022220
222000211112120
221001210112220
