0012021022
0102022011
0001012022
0012021022
0102022011
0202012101
0202012101
1202122001
0201121000
1202122001
2102222101
1002212200
0102102201
0202002211
0112002221
1202002211
0202012110
1212002210
0202012110
0202012110
0102102210
1212002120
2222002110
2222002110
2212002201
2211001200
1200000100
1200000100
1200000100
1201000100
1202001201
2201000100
2201000100
2210010000
1200000000
1200110000
2201100010
2101100000
2211000000
2212100010
2212100010
2222001010
2222002110
1212002210
0202012110
1202002211
2202112102
2202112102
2202112102
2202112102
2202001201
2201000200
2201000100
2202001201
2201000200
2201000200
2212001200
1202001210
2201000100
2201000200
2211000100
2222001100
2212002201
1212002201
0102102201
0102102210
0102102210
0102102201
1202002202
2202001201
2202112102
1202122001
1202122001
2202112102
2102222101
2001221201
2010220112
1000120202
2001221201
2001221201
2102222101
2102222101
1202122001
2102222101
2102222101
2001221201
2001221201
1002212200
1002212200
0102102210
0102102201
0202002211
0102102201
0102102210
1212002210
1212002210
1202002211
2202001201
2202001201
2202100110
