100120110220221
100120110220221
210220000211122
211220100112022
110210110202022
110210110202022
000201120212011
001211220112022
012122221012022
012122221012022
021021222102121
121020121202221
021021222102121
121020121202221
212020120201211
221120010202122
211220100112022
201220100121122
200221101210212
200221101210212
200111102200102
200221101210212
200221101210212
210222102200111
210222101100102
220111100000002
220221000101012
210220000211122
220221001201021
220221001201021
110210110202022
210220000211122
220221001201021
211212002100021
220222001100011
220221001201021
211220100112022
210220000211122
211220100112022
211220100112022
110210110202022
110210110202022
001211220112022
001211220112022
110210110202022
221120010202122
221120010202122
221120010202122
210220000211122
221120010202122
212020011102221
102021012001220
212020011102221
201010012012221
212020011102221
102021012001220
102021012001220
212020011102221
102021012001220
102021012001220
201010012012221
102021012001220
201010012012221
110000011021222
201101122022221
212202112021220
211202002020221
212202002010121
211212002100021
211212002100021
220221001201021
221120010202122
110210110202022
110210110202022
221120010202122
220221000101012
120222001011102
220222001100011
221212002110120
210222102200111
220222001100011
210222102200111
220222001100011
221212002110120
211202002020221
221212002110120
221212002110120
221212002110120
211212002100021
212202002010121
201101002100012
211212001000012
220222001100011
220222001100011
220221000101012
110210110202022
210220000211122
200211001120222
211202002020221
110101001020222
