1220212122
2210101222
2210101222
1221202212
1221202212
1221202212
2220102222
2110012222
2210001222
2100011222
2100011222
2100011222
2100011222
2210001222
2100011222
2210001222
2110012222
2210001222
2210001222
2100011222
2100011222
2210101222
1220212122
2210101222
2210101222
2120201212
2210101222
1220212122
1221202212
2220102222
2220102222
2120201212
1221202212
2120201212
2210101222
2210101222
2210001222
2210101222
2100011222
2100011222
2210101222
1220212122
1221202212
1221202212
2220102222
2120201212
2120201212
1220212122
1220212122
2220102222
