0202112220212020120012101
1202102210222020220122201
2102012200212020120111202
2002122200201020121101212
2002122200201020121101212
2012012200101020020001201
1022002101000011020001200
1022002101000011020001200
1022002101000011020001200
2012002100010120110001200
1022002101000011020001200
2012002100010120110001200
2001012010121220200000200
2001012010121220200000200
2001012010121220200000200
1002002001020120111000100
2001012010121220200000200
2012002100010120110001200
1002002001020120111000100
0012002002010011021000100
1002002001020120111000100
0012002002010011021000100
1022002101000011020001200
2012012200101020020001201
2002122200201020121101212
2012012200101020020001201
1022002101000011020001200
1022002200001010110102100
1012002210002001201102010
2102002110002101202102010
1012002210002001201102010
2002002210011002212111020
2002002210011002212111020
2102101200020102222121010
2202200201120202111021000
2201110210020102221012000
2201110210020102221012000
2102101200020102222121010
2202200201120202111021000
2202200201120202111021000
2202200201120202111021000
2202200201120202111021000
2202200201120202111021000
2102101200020102222121010
2012112201020011222220020
2012112201020011222220020
2121122102120020222120120
2012112201020011222220020
2012112201020011222220020
2012112201020011222220020
2102101200020102222121010
2102101200020102222121010
2012112201020011222220020
2121122102120020222120120
2012112201020011222220020
2121122102120020222120120
2012112201020011222220020
2102101200020102222121010
2002002210011002212111020
2002001120102102202102110
2001000010201212211202201
1002001011212202212201200
1001002002112201122200210
1002001011212202212201200
2001000010201212211202201
1102000020102212102212201
2001000010201212211202201
2001000010201212211202201
2001000010201212211202201
2002001120102102202102110
1002001011212202212201200
2102001010102201202202100
1102000020102212102212201
2002001120102102202102110
2002001120102102202102110
2102001010102201202202100
2001000010201212211202201
2002001120102102202102110
2002001120102102202102110
2102002110002101202102010
2002001120102102202102110
2102001010102201202202100
2102001010102201202202100
2001000010201212211202201
2001000010201212211202201
1002001011212202212201200
1002112002221102212100200
2001222002211101202000211
1100222012201210202100212
1100222012201210202100212
0200112022100220101200212
1200222012200120201101201
0110222022200120102200201
1020122021200120002100210
0110222022200120102200201
1100222012201210202100212
2001222002211101202000211
2101222002210011201001200
2001222002211101202000211
2102211112220001202000201
2101222002210011201001200
2201222012100020111001200
2101222002210011201001200
2101222002210011201001200
1002112002221102212100200
1002112002221102212100200
1102011102212202222100200
1102011102212202222100200
1102011102212202222100200
1001002002112201122200210
1102011102212202222100200
2202110102202211122100200
2102201102202220021101200
2202110102202211122100200
2202110102202211122100200
2101101002102210022200210
2000001101002210021200220
2000001101002210021200220
2101001200001220120210221
2101001200001220120210221
2010000200002211011201221
2010000200002211011201221
2020100110002101101202222
2020211020001100100212222
1020221021010201000212122
1021212021000210100222122
1020221021010201000212122
0120221022120202011102012
1010211122010202000102022
0120221022120202011102012
1010211122010202000102022
0021220122010101001202021
1020221021010201000212122
2020221020101210000222212
2010210120212220011222202
1010220120212220001212102
1000210220222220012212102
1010220120212220001212102
2020210020102110100212212
2020211020001100100212222
2020100110002101101202222
2020100110002101101202222
2020100110002101101202222
2021110020002000211201212
2021110020002000211201212
2021021020002000112201102
2021021020002000112201102
2021021020002000112201102
2021021020002000112201102
2021021020002000112201102
2021120110001000222100102
2021120110001000222100102
2021120110001000222100102
2021021020002000112201102
1010021020002001002111002
0000021020001012101010102
0000010010012101001020012
0110010000021100100020021
1100101000012210001020022
2100202110102211002120022
2000202220201102012211011
1011102220200112022202010
2000202220201102012211011
2000202220201102012211011
2000202220201102012211011
2000202221101202001111022
1000202220202201011120011
2100202110102211002120022
2000201121102212002220112
1101100021002222002221202
1102000020102212102212201
2102001010102201202202100
2102002110002101202102010
2102002110002101202102010
1012002210002001201102010
2002002210011002212111020
2012112201020011222220020
2121122102120020222120120
2012112201020011222220020
2012112201020011222220020
2121122102120020222120120
2110012102220021222010221
1000002202210011222001121
1000002101220022112101222
2000002102210022212000112
2000001012211121202000002
2001112002210012202000101
2001222002211101202000211
2000112002102200112100221
2000001101002210021200220
2101001200001220120210221
2101001200001220120210221
2111112200000221210220222
2212002211110220220210221
2212002211110220220210221
2212002211110220220210221
2122101221210220220110220
2122101221210220220110220
1112200210200120120021220
1112200210200120120021220
1112200210200120120021220
2122101221210220220110220
2122101221210220220110220
2122101221210220220110220
2122101221210220220110220
2121002222120121210201220
2121002222120121210201220
2211102222220220121201221
2121002222120121210201220
2121002222120121210201220
2121002222120121210201220
2212002211110220220210221
2121002222120121210201220
2121002222120121210201220
2211102222220220121201221
2212002211110220220210221
2212002211110220220210221
2211102222220220121201221
2100201221221220022212212
2200202112220120121102221
2200112222210121012212222
2201012212201022012221122
2201012212201022012221122
2201012212201022012221122
1200021221100022102222221
2201012212201022012221122
2201012212201022012221122
2200112222210121012212222
2200112222210121012212222
2200112222210121012212222
2200202112220120121102221
2200202112220120121102221
2100201221221220022212212
1000111220222220022222201
1000210220222220012212102
1000210220222220012212102
1000111220222220022222201
1000111220222220022222201
2100201221221220022212212
2211102222220220121201221
2122101221210220220110220
2122101221210220220110220
2211102222220220121201221
2200202112220120121102221
2210112002220020221011220
2210112002220020221011220
2210112002220020221011220
2110012102220021222010221
1000002101220022112101222
2110012102220021222010221
2000002102210022212000112
2110012102220021222010221
2110012102220021222010221
2121122102120020222120120
2121122102120020222120120
2110012102220021222010221
2110012102220021222010221
1000002202210011222001121
1000002202210011222001121
2110012102220021222010221
1000002202210011222001121
2000002102210022212000112
2000002102210022212000112
2100102102220021221001221
2100102102220021221001221
1000002202210011222001121
1000002202210011222001121
2100102102220021221001221
2211202001221110220002120
2200212002210020210002210
2101222002210011201001200
2001112002210012202000101
1000012011100022201000102
0000021020001012101010102
0010022020100011101000212
0010021021200010002000221
0011020012210010001010220
1010021021200120002000220
1020022020200110002000221
1020022020200110002000221
0010022020100011101000212
0110022020001022100110201
0000021020001012101010102
0000021020001012101010102
0000021020001012101010102
1001022021001012210000212
1001022021001012210000212
1001022021001012210000212
0110022020001022100110201
0000022010100022200011112
1000012001200022201011012
1000012011100022201000102
1000012001200022201011012
1000022001111022200122022
0001121001211022200122022
0000022010100022200011112
0010022020100011101000212
0020122021200010002100211
1111222022100020012100200
0020122021200010002100211
1020022020101000002101112
0010022020100011101000212
1000022020111121200000201
0010022020100011101000212
0010022020100011101000212
0000022010100022200011112
0100022001211022110012022
0000012000210022101112122
0110002001220022011202222
0221002011211022010202212
0110002001220022011202222
1221112102210022120202222
2222222201211112120212222
2222222201211112120212222
2222221200221102010222111
1122220100220102001122010
1122220100220102001122010
1122220100220102001122010
1122220100220102001122010
2212210201220102000121000
2212210201220102000121000
2212210201220102000121000
2212210201220102000121000
1122220100220102001122010
2212210201220102000121000
1122220100220102001122010
0022120001220101001021120
0022120001220101001021120
0021111002210000100021220
0022120001220101001021120
1022021102221100000120210
2121022212222200001121210
1112022212211200010220200
2022012211222201010120100
1011102220212201020020000
1011102220212201020020000
1011102220212201020020000
1011102220212201020020000
2022012211222201010120100
2121022212222200001121210
2022012211222201010120100
2022012211222201010120100
1022021102221100000120210
1112022212211200010220200
1112022212211200010220200
1022021102221100000120210
1112022212211200010220200
1112022212211200010220200
1112022212211200010220200
1112022212211200010220200
1112022212211200010220200
2022012211222201010120100
1112022212211200010220200
2022012211222201010120100
1011102220212201020020000
2022012211222201010120100
2022012211222201010120100
2121022212222200001121210
2022012211222201010120100
1112022212211200010220200
1112022212211200010220200
1112022212211200010220200
1112022212211200010220200
2022012211222201010120100
2022012211222201010120100
1112022212211200010220200
1112022212211200010220200
1022021102221100000120210
1022021102221100000120210
0121020001120000100020120
0210120000020100201020011
0210120000020100201020011
0100121101020200202020011
0100110000021200101020012
1100101000012210001020022
2100202110102211002120022
2101202221102102001221022
2000201121102212002220112
2010210021102221001221202
2010210021102221001221202
2010210021102221001221202
2010210021102221001221202
2010210021102221001221202
2020221020101210000222212
2020210020102110100212212
2020210020102110100212212
2020111020002000101202112
2020100110002101101202222
2021110020002000211201212
2021110020002000211201212
2020100110002101101202222
2020111020002000101202112
2021021020002000112201102
2012021021002001221100212
1001022021001012210000212
1001022021001012210000212
1001022021001012210000212
1000012011100022201000102
2000002102210022212000112
2000002102210022212000112
2100102102220021221001221
1210102002220021120102221
2211202001221110220002120
2100102102220021221001221
2200202112220120121102221
2200202112220120121102221
2211202001221110220002120
2210112002220020221011220
2210112002220020221011220
2210112002220020221011220
2210112002220020221011220
2200202112220120121102221
2200212002210020210002210
2200212002210020210002210
2100102102220021221001221
1000002101220022112101222
1000002101220022112101222
2000002102210022212000112
1000002202210011222001121
1000002101220022112101222
1000002202210011222001121
1000002101220022112101222
0110002001220022011202222
0110002001220022011202222
0110002001220022011202222
1221112102210022120202222
2222222201211112120212222
2112222201200021221202222
2002122200201020121101212
2002122200201020121101212
2002122200201020121101212
2002112201202120020001201
2002112201202120020001201
2012102201101120020002200
2012012200101020020001201
1102022210202020020001102
0102022221102110020002002
0102012222002201120002101
0102012222002201120002101
0002011222012200010112002
0102022221102110020002002
0102012222002201120002101
0212111222002101210002200
0122220222001000101102110
0122220222001000101102110
0021220122010101001202021
0122220222001000101102110
0122220222001000101102110
1221220222002011210112200
1221220222002011210112200
1221221222112000100002200
2210222112211010100002200
1110212002200010200012210
2210222112211010100002200
2201222012100020111001200
1110212002200010200012210
2210222112211010100002200
1221221222112000100002200
1221221222112000100002200
1221220222002011210112200
0212111222002101210002200
1221221222112000100002200
2220122222222100001012210
2220021122121210001022120
1220022211122200002011220
1220022211122200002011220
2121022212222200001121210
2121022212222200001121210
2220122222222100001012210
2121022212222200001121210
1220022211122200002011220
2220122222222100001012210
1221222122122000010002100
1221222122122000010002100
2220122222222100001012210
1221222122122000010002100
1112222022022110020001010
0112122122012100020002001
0102012222002201120002101
0212111222002101210002200
0212111222002101210002200
0222221122012000110002100
0222221122012000110002100
0122220222001000101102110
0122220222001000101102110
0122220222001000101102110
0212111222002101210002200
1202011212102202221001200
0212111222002101210002200
0222221122012000110002100
1112222022022110020001010
0222221122012000110002100
0222110212002100200001110
0222110212002100200001110
0222110212002100200001110
0122220222001000101102110
1221221222112000100002200
1221221222112000100002200
0222221122012000110002100
1221222122122000010002100
