01202111120200220220
00202210220100110121
10201200121000001122
10200201022010002121
21200210022010011222
21200210022010011222
21200210022010011222
10200201022010002121
10200201022010002121
10201210021000001221
10200201022010002121
10200100122100101222
10201200121000001122
10202200220111000112
00212200221010010121
00212200221010010121
00202210120000000121
00202220020111100110
00212210121010010220
00212210121010010220
00202220020111100110
00202220020111100110
10202210120222100101
21212201210222101202
21112200220112000202
10202210120222100101
10202210120222100101
10202210120222100101
00202220020111100110
10201210021000001221
10201200121000001122
00202210220100110121
00112200220101001022
00202210120000000121
00202220120100110220
00101220110100000220
00202210120000000121
00202210220100110121
00202220120211210110
00201110221200210221
01200000222201201112
12200000221102112012
22201000111001022021
12200000221102112012
21200000220111021122
21200000220111021122
21200000220111021122
22210101120002121022
21200000220111021122
22210101120002121022
12221201020101120022
12112200020100020011
02212101020200120121
02102002021110120220
02102002021110120220
12202102011100220221
22211202011001220122
12202102011100220221
12202102011100220221
11201102001000120222
10200001110110020222
11201102001000120222
10200001110110020222
10200000221210110222
10200000220220020121
00200000221210110121
00201110221200210221
00200000221210110121
01200000222201201112
02200010212112202101
02110020201012212200
12200021101022102200
12200021101022102200
12200021101022102200
02110020201012212200
02200010212112202101
02210020201122202101
02210020201122202101
11100120212022201200
02200010212112202101
02110000222212201001
02110000222212201001
02101000222101212012
12101000221001122022
12101000221001122022
22201000111001022021
21200000220111021122
22210101120002121022
12200000221102112012
02210010211212202002
02210010211212202002
02120010211222201001
12221111200222202102
21222202200122112112
21212201210222101202
12211202100222212212
12221111200222202102
12211202100222212212
11101212000122222222
11101212000122222222
11101212000122222222
11101212000122222222
12211202100222212212
12211202100222212212
12200102011122222212
12211202100222212212
21222202200122112112
10211212200022021012
00210221100121020102
00210221100121020102
10220221000220010101
10220221000220010101
10220221000220010101
21210222000111000100
22100221010102110200
12210122001002000100
22100121001001001200
22100121001001001200
12100020102011102200
12200021101022102200
12200021101022102200
12200021101022102200
12200021101022102200
02210020201122202101
11120010200212102002
11120010200212102002
10021100210202002012
10122110211202002022
10021100210202002012
20121010201202002012
20222011101202001021
20221112000211000010
20222011101202001021
20222011101202001021
20221112000211000010
10220221000220010101
10220221000220010101
10121222000120001010
00011222010021011020
00011222010021011020
10121222000120001010
00011222010021011020
00100222110022020011
00210221100121020102
00210221100121020102
10220221000220010101
21210222000111000100
22200122000012001200
22200012011022112201
22200012011022112201
12210022001012001100
22200012011022112201
12200021101022102200
02210020201122202101
11100120212022201200
11100120212022201200
12200021101022102200
12200021101022102200
12100020102011102200
22100121001001001200
22010011012101002200
22100121001001001200
22100121001001001200
22100021001011002200
22200012011022112201
22100021001011002200
22200012011022112201
22200012011022112201
22200012011022112201
12210022001012001100
12210122001002000100
22100221010102110200
12210122001002000100
12210022001012001100
22200122000012001200
22200012011022112201
12210022001012001100
12210022001012001100
22100021001011002200
12210022001012001100
22200012011022112201
22200122000012001200
22100221010102110200
22001210020101120100
21000220121112210200
21000220121112210200
22001210020101120100
22012200120001010101
12112200020100020011
02222101121200120021
02212101020200120121
12221201020101120022
22211202011001220122
22211202011001220122
22211202011001220122
22201211012010120222
21200210022010011222
10200201022010002121
00100212021021011020
00100212021021011020
